circle 650 600 100 fec821 ffff00
lineSegment 450 500 400 340 000000
circle 450 500 55 000000 00b0f0
rectangle 240 340 160 30 000000 fcd5b5
triangle 320 380 250 200 390 200 000000 00b0f0
circle 320 400 40 000000 fcd5b5
rectangle 300 200 15 50 000000 4f81bd
rectangle 325 200 15 50 000000 4f81bd
triangle 320 440 360 420 360 460 000000 ff0000
triangle 320 440 280 420 280 460 000000 ff0000
circle 305 410 5 000000 000000
circle 335 410 5 000000 000000
lineSegment 320 400 320 390 00b0f0
lineSegment 320 375 310 380 ff0000
lineSegment 320 375 330 380 ff0000